12/04/2021 13:43:28:575
000001111000000	0
100001111100000	13094
100101111100000	6153
101101111100000	10
111101111110000	608
110001111110000	698
100001111110000	1013
100011111100101	411
101111111100101	814
111111111000101	298
111111011000101	41
111101011000101	561
111101111000001	1153
111101111110001	10
110001111110001	454
100001111110001	1280
100011111100101	408
101111111100101	1042
101111011100101	74
111111011000101	532
111101011000101	64
111101010000101	550
111101110000001	595
111101110110001	10
110001110110001	696
110001111110001	403
100001111110001	632
100011111100101	390
101111111100101	199
111111111000101	642
111111011000101	305
111101011000101	605
111101010000101	511
111101110000001	609
111101110110001	10
110001110110001	722
110001111110001	348
100001111110001	668
100011111100101	409
101111111100101	907
101111011100101	271
111111011000101	372
111101011000101	199
111101010000101	515
111101110000001	600
111101110110001	11
110001110110001	661
110001111110001	409
100001111110001	640
100011111100101	409
101111111100101	570
111111111000101	369
111111011000101	239
111101011000101	569
111101010000101	536
111101110000001	571
111101110110001	10
111001110110001	427
110001110110001	11
110001111110001	664
100001111110001	610
100011111100101	401
100011011100101	1153
101011011100101	74
111011011000101	361
111001011000101	168
111001010000101	548
111001110000001	573
111001110110001	10
110001110110001	389
110001111110001	711
100001111110001	598
100011111101011	411
101111111101011	294
111111111001011	642
111110111001011	172
111100111001011	610
111100110001011	571
111101110000011	534
111101110110011	10
111001110110011	658
110001110110011	10
110001111110010	467
100001111110010	572
100011111100111	404
101011111100111	1088
101011011100111	63
111011011000111	303
111001011000111	263
111001001000111	546
111001101000011	607
111001101110011	10
110001101110011	389
110001111110001	736
100001111110001	572
100011111101011	398
101111111101011	735
111111111001011	340
111110111001011	31
111100111001011	646
111100110001011	567
111101110000011	504
111101110110011	12
110001110110011	422
110001111110010	745
100001111110010	558
100011111100111	400
101111111100111	535
101111011100111	615
111111011000111	31
111101011000111	565
111101001000111	527
111101101000011	570
111101101110011	10
110001101110011	666
110001111110001	475
100001111110001	580
100011111100101	402
101111111100101	708
101111011100101	440
111111011000101	190
111101011000101	408
111101010000101	540
111101110000001	571
111101110110001	10
111001110110001	623
110001110110001	12
110001111110001	503
100001111110001	533
100011111100101	399
101111111100101	577
101111011100101	573
111111011000101	64
111101011000101	509
111101010000101	603
111101110000001	514
111101110110001	11
110001110110001	662
110001111110001	511
100001111110001	505
100011111100101	435
101111111100101	707
101111011100101	473
111111011000101	175
111101011000101	364
111101010000101	582
111101110000001	569
111101110110001	10
110001110110001	629
110001111110001	505
100001111110001	534
100011111100101	407
101111111100101	664
111111111000101	352
111111011000101	126
111101011000101	571
111101010000101	617
111101110000001	540
111101110110001	10
110001110110001	416
110001111110001	710
100001111110001	567
100011111100101	407
101111111100101	676
101111011100101	469
111111011000101	139
111101011000101	466
111101010000101	547
111101110000001	573
111101110110001	11
110001110110001	684
110001111110001	409
100001111110001	604
100011111100101	411
101111111100101	905
101111011100101	235
111111011000101	105
111101011000101	469
111101010000101	576
111101110000001	561
111101110110001	10
110001110110001	429
110001111110001	668
100001111110001	603
100011111100101	404
101011111100101	913
101011011100101	241
111011011000101	136
111001011000101	438
111001010000101	578
111001110000001	573
111001110110001	10
110001110110001	396
110001111110001	701
100001111110001	606
100011111101011	406
101011111101011	877
101010111101011	234
111010111001011	136
111000111001011	502
111000110001011	514
111001110000011	582
111001110110011	10
110001110110011	380
110001111110010	739
100001111110010	577
100011111101010	407
101111111101010	894
101110111101010	202
111110111001010	169
111100111001010	476
111100101001010	540
111101101000010	537
111101101110010	11
110001101110010	429
110001111110010	733
100001111110010	571
100011111100111	401
101111111100111	607
101111011100111	574
111111011000111	97
111101011000111	474
111101001000111	496
111101101000011	601
111101101110011	10
110001101110011	672
110001111110001	433
100001111110001	605
100011111100101	412
101111111100101	604
101111011100101	567
111111011000101	64
111101011000101	499
111101010000101	537
111101110000001	579
111101110110001	11
110001110110001	690
110001111110001	462
100001111110001	569
100011111100101	409
101111111100101	895
101111011100101	275
111111011000101	95
111101011000101	469
111101010000101	535
111101110000001	600
111101110110001	10
110001110110001	428
110001111110001	650
100001111110001	636
100011111100101	431
101111111100101	577
101111011100101	569
111111011000101	73
111101011000101	506
111101010000101	495
111101110000001	648
111101110110001	11
110001110110001	682
110001111110001	400
100001111110001	632
100011111100101	397
101011111100101	797
111011011000101	347
111001011000101	597
111001010000101	513
111001110000001	596
111001110110001	10
110001110110001	430
110001111110001	703
100001111110001	574
100011111101011	444
101011111101011	706
111011111001011	368
111010111001011	32
111000111001011	605
111000110001011	542
111001110000011	564
111001110110011	11
110001110110011	388
110001111110010	761
100001111110010	537
100011111101010	398
101111111101010	807
101110111101010	298
111110111001010	338
111100111001010	293
111100101001010	576
111101101000010	509
111101101110010	11
110001101110010	659
110001111110010	546
100001111110010	464
100011111100111	444
101111111100111	461
111111111000111	628
111111011000111	42
111101011000111	599
111101001000111	574
111101101000011	523
111101101110011	10
110001101110011	668
110001111110001	510
100001111110001	543
100011111100101	398
101111111100101	1072
101111011100101	96
111111011000101	263
111101011000101	316
111101010000101	542
111101110000001	592
111101110110001	11
110001110110001	431
110001111110001	669
100001111110001	607
100011111100101	395
101111111100101	474
111111111000101	638
111111011000101	64
111101011000101	566
111101010000101	542
111101110000001	572
111101110110001	10
110001110110001	697
110001111110001	396
100001111110001	604
100011111100101	402
101111111100101	805
101111011100101	347
111111011000101	298
111101011000101	266
111101010000101	577
111101110000001	595
111101110110001	11
110001110110001	660
110001111110001	436
100001111110001	603
100011111100101	433
101011111100101	698
111011111000101	338
111011011000101	105
111001011000101	561
111001010000101	543
111001110000001	607
111001110110001	10
110001110110001	432
110001111110001	642
100001111110001	639
100011111101011	402
101011111101011	1102
101010111101011	10
111010111001011	333
111000111001011	298
111000110001011	535
111001110000011	542
111001110110011	12
110001110110011	419
110001111110010	716
100001111110010	566
100011111101010	444
101111111101010	673
111111111001010	369
111110111001010	73
111100111001010	604
111100101001010	535
111101101000010	575
111101101110010	10
110001101110010	387
110001111110010	752
100001111110010	534
100011111100111	430
101111111100111	967
101111011100111	179
111111011000111	158
111101011000111	438
111101001000111	546
111101101000011	563
111101101110011	10
110001101110011	430
110001111110001	702
100001111110001	568
100011111100101	430
101011111100101	839
101011011100101	308
111011011000101	65
111001011000101	506
111001010000101	568
111001110000001	578
111001110110001	11
110001110110001	390
110001111110001	710
100001111110001	606
100011111101011	397
101011111101011	718
111011111001011	375
111010111001011	31
111000111001011	631
111000110001011	541
111001110000011	523
111001110110011	11
110001110110011	393
110001111110010	751
100001111110010	560
100011111101010	413
101111111101010	765
111110111001010	338
111100111001010	643
111100101001010	537
111101101000010	538
111101101110010	10
110001101110010	459
110001111110010	715
100001111110010	542
100011111100111	398
101011111100111	1033
101011011100111	95
111011011000111	274
111001011000111	296
111001001000111	579
111001101000011	575
111001101110011	10
110001101110011	389
110001111110001	729
100001111110001	602
100011111101011	405
101111111101011	442
111111111001011	643
111110111001011	32
111100111001011	600
111100110001011	546
111101110000011	565
111101110110011	11
110001110110011	687
110001111110010	442
100001111110010	602
100011111100111	413
100111111100111	396
101111111100111	10
111111111000111	634
111111011000111	107
111101011000111	571
111101001000111	544
111101101000011	599
111101101110011	11
110001101110011	694
110001111110001	395
100001111110001	609
100011111100101	433
101111111100101	832
101111011100101	329
111111011000101	294
111101011000101	268
111101010000101	548
111101110000001	601
111101110110001	11
110001110110001	663
110001111110001	412
100001111110001	635
100011111100101	405
101011111100101	701
111011111000101	342
111011011000101	107
111001011000101	570
111001010000101	536
111001110000001	569
111001110110001	10
110001110110001	432
110001111110001	745
100001111110001	557
100011111101011	408
101011111101011	965
101010111101011	139
111010111001011	231
111000111001011	379
111000110001011	571
111001110000011	536
111001110110011	11
110001110110011	435
110001111110010	711
100001111110010	560
100011111101010	418
101111111101010	805
101110111101010	299
111110111001010	74
111100111001010	568
111100101001010	529
111101101000010	551
111101101110010	11
110001101110010	418
110001111110010	704
100001111110010	577
100011111100111	409
101011111100111	966
101011011100111	177
111011011000111	193
111001011000111	407
111001001000111	546
111001101000011	565
111001101110011	10
110001101110011	426
110001111110001	701
100001111110001	576
100011111101011	400
101111111101011	434
111111111001011	643
111110111001011	33
111100111001011	643
111100110001011	532
111101110000011	535
111101110110011	10
110001110110011	698
110001111110010	472
100001111110010	541
100011111100111	408
101111111100111	804
101111011100111	336
111111011000111	303
111101011000111	298
111101001000111	544
111101101000011	594
111101101110011	10
110001101110011	659
110001111110001	445
100001111110001	597
100011111100101	430
100111111100101	699
101111111100101	12
111111111000101	329
111111011000101	106
111101011000101	577
111101010000101	539
111101110000001	605
111101110110001	11
110001110110001	425
110001111110001	648
100001111110001	635
100011111100101	441
101111111100101	332
111111111000101	641
111111011000101	168
111101011000101	603
111101010000101	494
111101110000001	646
111101110110001	11
110001110110001	644
110001111110001	415
100001111110001	633
100011111100101	406
101111111100101	826
101111011100101	347
111111011000101	290
111101011000101	272
111101010000101	543
111101110000001	598
111101110110001	11
110001110110001	658
110001111110001	401
100001111110001	607
100011111100101	439
101111111100101	434
111111111000101	640
111111011000101	67
111101011000101	602
111101010000101	551
111101110000001	575
111101110110001	10
110001110110001	675
110001111110001	408
100001111110001	601
100011111100101	426
101011111100101	708
111011111000101	349
111011011000101	90
111001011000101	576
111001010000101	562
111001110000001	571
111001110110001	10
110001110110001	380
110001111110001	738
100001111110001	566
100011111101011	429
101011111101011	1081
101010111101011	32
111010111001011	346
111000111001011	262
111000110001011	570
111001110000011	523
111001110110011	10
110001110110011	393
110001111110010	751
100001111110010	573
100011111101010	400
101111111101010	434
111111111001010	631
111110111001010	31
111100111001010	610
111100101001010	574
111101101000010	539
111101101110010	11
110001101110010	691
110001111110010	479
100001111110010	505
100011111100111	440
101111111100111	528
111111111000111	609
111111011000111	31
111101011000111	569
111101001000111	537
111101101000011	579
111101101110011	10
110001101110011	697
110001111110001	398
100001111110001	615
100011111100101	431
100111111100101	601
101111111100101	10
111111111000101	390
111111011000101	136
111101011000101	579
111101010000101	546
111101110000001	607
111101110110001	10
110001110110001	385
110001111110001	709
100001111110001	602
100011111100101	400
101111111100101	735
101111011100101	447
111111011000101	169
111101011000101	405
111101010000101	535
111101110000001	578
111101110110001	10
110001110110001	687
110001111110001	446
100001111110001	563
100011111100101	444
101111111100101	540
111111011000101	621
111101011000101	570
111101010000101	531
111101110000001	609
111101110110001	11
110001110110001	659
110001111110001	405
100001111110001	610
100011111100101	435
101111111100101	609
101111011100101	571
111111011000101	62
111101011000101	498
111101010000101	542
111101110000001	594
111101110110001	11
110001110110001	688
110001111110001	440
100001111110001	574
100011111100101	432
101111111100101	593
101111011100101	542
111111011000101	95
111101011000101	512
111101010000101	500
111101110000001	603
111101110110001	10
110001110110001	696
110001111110001	401
100001111110001	636
100011111100101	404
101111111100101	878
101111011100101	272
111111011000101	106
111101011000101	477
111101010000101	535
111101110000001	613
111101110110001	11
110001110110001	418
110001111110001	712
100001111110001	565
100011111100101	430
101111111100101	606
101111011100101	535
111111011000101	103
111101011000101	495
111101010000101	520
111101110000001	604
111101110110001	10
110001110110001	664
110001111110001	439
100001111110001	602
100011111100101	410
101011111100101	872
101011011100101	279
111011011000101	94
111001011000101	474
111001010000101	577
111001110000001	564
111001110110001	11
110001110110001	393
110001111110001	713
100001111110001	600
100011111101011	444
101011111101011	610
111011111001011	368
111010111001011	169
111000111001011	609
111000110001011	467
111001110000011	602
111001110110011	11
110001110110011	398
110001111110010	710
100001111110010	597
100011111101010	435
101111111101010	874
101110111101010	242
111110111001010	136
111100111001010	470
111100101001010	540
111101101000010	573
111101101110010	11
110001101110010	422
110001111110010	710
100001111110010	543
100011111100111	439
101011111100111	871
101011011100111	272
111011011000111	97
111001011000111	510
111001001000111	538
111001101000011	581
111001101110011	10
110001101110011	418
110001111110001	691
100001111110001	600
100011111101011	399
101111111101011	639
101110111101011	482
111110111001011	159
111100111001011	446
111100110001011	567
111101110000011	529
111101110110011	11
110001110110011	660
110001111110010	473
100001111110010	596
100011111100111	408
101111111100111	596
101111011100111	540
111111011000111	104
111101011000111	507
111101001000111	531
111101101000011	571
111101101110011	11
110001101110011	650
110001111110001	482
100001111110001	531
100011111100101	443
101111111100101	632
101111011100101	542
111111011000101	104
111101011000101	467
111101010000101	568
111101110000001	574
111101110110001	11
110001110110001	656
110001111110001	440
100001111110001	573
100011111100101	433
101111111100101	643
101111011100101	506
111111011000101	95
111101011000101	502
111101010000101	535
111101110000001	605
111101110110001	10
110001110110001	656
110001111110001	433
100001111110001	601
100011111100101	410
101111111100101	902
101111011100101	244
111111011000101	135
111101011000101	464
111101010000101	510
111101110000001	638
111101110110001	10
110001110110001	388
110001111110001	682
100001111110001	637
100011111100101	402
101111111100101	414
111111111000101	606
111111011000101	134
111101011000101	596
111101010000101	507
111101110000001	611
111101110110001	10
110001110110001	681
110001111110001	366
100001111110001	676
100011111100101	433
101111111100101	843
101111011100101	333
111111011000101	301
111101011000101	262
111101010000101	519
111101110000001	598
111101110110001	10
110001110110001	664
110001111110001	404
100001111110001	644
100011111100101	395
101111111100101	646
111111111000101	369
111111011000101	136
111101011000101	599
111101010000101	551
111101110000001	566
111101110110001	10
110001110110001	434
110001111110001	673
100001111110001	604
100011111100101	408
101011011100101	1170
111011011000101	330
111001011000101	242
111001010000101	533
111001110000001	608
111001110110001	11
110001110110001	392
110001111110001	711
100001111110001	601
100011111101011	405
101011111101011	672
111011111001011	343
111010111001011	95
111000111001011	643
111000110001011	538
111001110000011	538
111001110110011	10
110001110110011	382
110001111110010	746
100001111110010	574
100011111101010	410
101111111101010	804
101110111101010	305
111110111001010	31
111100111001010	570
111100101001010	579
111101101000010	543
111101101110010	11
110001101110010	427
110001111110010	739
100001111110010	528
100011111100111	407
101011111100111	1008
101011011100111	136
111011011000111	242
111001011000111	332
111001001000111	538
111001101000011	614
111001101110011	11
110001101110011	392
110001111110001	708
100001111110001	603
100011111101011	404
101111111101011	766
101110111101011	344
111110111001011	32
111100111001011	605
111100110001011	540
111101110000011	526
111101110110011	10
110001110110011	443
110001111110010	742
100001111110010	540
100011111100111	399
101011111100111	1030
101011011100111	135
111011011000111	231
111001011000111	343
111001001000111	533
111001101000011	599
111001101110011	10
110001101110011	391
110001111110001	741
100001111110001	570
100011111101011	399
101011111101011	642
111011111001011	340
111010111001011	126
111000111001011	639
111000110001011	548
111001110000011	534
111001110110011	11
110001110110011	391
110001111110010	775
100001111110010	531
100011111101010	437
101111111101010	679
101110111101010	437
111110111001010	170
111100111001010	434
111100101001010	542
111101101000010	572
111101101110010	10
110001101110010	690
110001111110010	441
100001111110010	568
100011111100111	443
101011111100111	837
101011011100111	303
111011011000111	32
111001011000111	550
111001001000111	533
111001101000011	603
111001101110011	10
110001101110011	429
110001111110001	641
100001111110001	672
100011111101011	399
101111111101011	936
101110111101011	170
111110111001011	198
111100111001011	430
111100110001011	536
111101110000011	562
111101110110011	11
110001110110011	430
110001111110010	670
100001111110010	608
100011111100111	437
101111111100111	573
101111011100111	537
111111011000111	74
111101011000111	531
111101001000111	542
111101101000011	596
111101101110011	10
110001101110011	705
110001111110001	371
100001111110001	600
100011111100101	436
101011111100101	765
111011111000101	339
111011011000101	32
111001011000101	600
111001010000101	529
111001110000001	602
111001110110001	11
110001110110001	421
110001111110001	672
100001111110001	636
100011111101011	401
101111111101011	337
111111111001011	640
111110111001011	140
111100111001011	630
111100110001011	509
111101110000011	558
111101110110011	10
110001110110011	663
110001111110010	478
100001111110010	567
100011111100111	404
101111111100111	876
101111011100111	267
111111011000111	406
111101011000111	168
111101001000111	561
111101101000011	582
111101101110011	11
110001101110011	652
110001111110001	503
100001111110001	538
100011111100101	431
101111111100101	632
111111111000101	347
111111011000101	168
111101011000101	608
111101010000101	507
111101110000001	605
111101110110001	11
110001110110001	426
110001111110001	640
100001111110001	642
100011111100101	403
101111111100101	904
101111011100101	274
111111011000101	361
111101011000101	202
111101010000101	538
111101110000001	608
111101110110001	11
110001110110001	665
110001111110001	408
100001111110001	598
100011111100101	446
101111111100101	327
111111111000101	642
111111011000101	176
111101011000101	568
111101010000101	540
111101110000001	602
111101110110001	11
110001110110001	654
110001111110001	432
100001111110001	608
100011111100101	408
101111111100101	903
101111011100101	246
111111011000101	98
111101011000101	464
111101010000101	568
111101110000001	569
111101110110001	11
110001110110001	423
110001111110001	702
100001111110001	604
100011111100101	402
101111111100101	633
101111011100101	506
111111011000101	127
111101011000101	473
111101010000101	532
111101110000001	572
111101110110001	11
110001110110001	701
110001111110001	390
100001111110001	603
100011111100101	400
101011111100101	916
101011011100101	231
111011011000101	136
111001011000101	470
111001010000101	562
111001110000001	572
111001110110001	10
110001110110001	386
110001111110001	735
100001111110001	568
100011111101011	401
101011111101011	910
101010111101011	198
111010111001011	168
111000111001011	478
111000110001011	535
111001110000011	540
111001110110011	11
110001110110011	426
110001111110010	708
100001111110010	578
100011111101010	436
101111111101010	874
101110111101010	230
111110111001010	137
111100111001010	505
111100101001010	496
111101101000010	564
111101101110010	11
110001101110010	435
110001111110010	712
100001111110010	565
100011111100111	399
101011111100111	845
101011011100111	314
111011011000111	22
111001011000111	578
111001001000111	534
111001101000011	597
111001101110011	10
110001101110011	430
110001111110001	697
100001111110001	600
100011111101011	407
101111111101011	870
101110111101011	230
111110111001011	96
111100111001011	542
111100110001011	506
111101110000011	573
111101110110011	10
110001110110011	437
110001111110010	705
100001111110010	572
100011111100111	403
101111111100111	599
111111111000111	339
111111011000111	210
111101011000111	574
111101001000111	532
111101101000011	610
111101101110011	10
110001101110011	427
110001111110001	713
100001111110001	562
100011111100101	411
101011111100101	874
101011011100101	306
111011011000101	61
111001011000101	475
111001010000101	578
111001110000001	568
111001110110001	12
110001110110001	387
110001111110001	714
100001111110001	606
100011111101011	399
101011111101011	893
101010111101011	213
111010111001011	161
111000111001011	471
111000110001011	551
111001110000011	565
111001110110011	11
110001110110011	398
110001111110010	702
100001111110010	606
100011111101010	410
101111111101010	630
101110111101010	471
111110111001010	140
111100111001010	476
111100101001010	542
111101101000010	574
111101101110010	11
110001101110010	688
110001111110010	444
100001111110010	572
100011111100111	434
101111111100111	881
101111011100111	273
111111011000111	94
111101011000111	495
111101001000111	505
111101101000011	641
111101101110011	11
110001101110011	412
110001111110001	649
100001111110001	639
100011111100101	404
101111111100101	637
101111011100101	518
111111011000101	93
111101011000101	465
111101010000101	550
111101110000001	599
111101110110001	10
110001110110001	699
110001111110001	383
100001111110001	630
100011111100101	441
101011111100101	874
101011011100101	265
111011011000101	107
111001011000101	466
111001010000101	508
111001110000001	639
111001110110001	11
110001110110001	360
110001111110001	678
100001111110001	639
100011111101011	415
101011111101011	865
101010111101011	240
111010111001011	127
111000111001011	512
111000110001011	583
111001110000011	522
111001110110011	11
110001110110011	384
110001111110010	775
100001111110010	540
100011111101010	403
101011111101010	911
101010111101010	202
111010111001010	169
111000111001010	463
111000101001010	508
111001101000010	569
111001101110010	11
110001101110010	400
110001111110010	739
100001111110010	570
100011111101010	405
101011111101010	877
101010111101010	232
111010111001010	137
111000111001010	471
111000101001010	574
111001101000010	541
111001101110010	10
110001101110010	392
110001111110010	775
100001111110010	532
100011111101010	408
101111111101010	904
101110111101010	203
111110111001010	169
111100111001010	442
111100101001010	569
111101101000010	534
111101101110010	11
110001101110010	426
110001111110010	737
100001111110010	563
100011111100111	398
101111111100111	601
101111011100111	536
111111011000111	104
111101011000111	496
111101001000111	545
111101101000011	599
111101101110011	11
110001101110011	685
110001111110001	409
100001111110001	605
100011111100101	432
101111111100101	607
101111011100101	539
111111011000101	95
111101011000101	505
111101010000101	480
111101110000001	673
111101110110001	11
110001110110001	648
110001111110001	375
100001111110001	666
100011111100101	433
101111111100101	403
111111111000101	592
111111011000101	138
111101011000101	580
111101010000101	534
111101110000001	608
111101110110001	11
110001110110001	685
110001111110001	371
100001111110001	647
100011111100101	401
101111111100101	1102
101111011100101	42
111111011000101	357
111101011000101	242
111101010000101	530
111101110000001	604
111101110110001	12
110001110110001	417
110001111110001	673
100001111110001	604
100011111100101	390
101111111100101	670
111111111000101	370
111111011000101	105
111101011000101	571
111101010000101	577
111101110000001	567
111101110110001	10
110001110110001	421
110001111110001	716
100001111110001	569
100011111100101	404
101111111100101	902
101111011100101	264
111111011000101	64
111101011000101	508
111101010000101	561
111101110000001	572
111101110110001	11
110001110110001	454
110001111110001	643
100001111110001	604
100011111100101	436
101111111100101	583
101111011100101	570
111111011000101	33
111101011000101	564
111101010000101	504
111101110000001	602
111101110110001	10
110001110110001	733
110001111110001	372
100001111110001	630
100011111100101	410
100111111100101	662
101111111100101	10
101111011100101	499
111111011000101	136
111101011000101	399
111101010000101	544
111101110000001	646
111101110110001	11
111001110110001	652
110001110110001	10
110001111110001	400
100001111110001	606
100011111100101	428
101111111100101	843
101111011100101	312
111111011000101	31
111101011000101	534
111101010000101	536
111101110000001	616
111101110110001	10
110001110110001	417
110001111110001	671
100001111110001	613
100011111100101	433
101111111100101	877
101111011100101	272
111111011000101	95
111101011000101	495
111101010000101	499
111101110000001	641
111101110110001	10
110001110110001	418
110001111110001	641
100001111110001	632
100011111100101	410
101111111100101	569
101111011100101	570
111111011000101	74
111101011000101	525
111101010000101	545
111101110000001	575
111101110110001	10
110001110110001	694
110001111110001	411
100001111110001	608
100011111100101	391
101111111100101	953
101111011100101	206
111111011000101	160
111101011000101	442
111101010000101	529
111101110000001	573
111101110110001	11
110001110110001	393
110001111110001	740
100001111110001	569
100011111100101	402
101111111100101	575
101111011100101	583
111111011000101	63
111101011000101	508
111101010000101	541
111101110000001	613
111101110110001	12
110001110110001	650
110001111110001	444
100001111110001	571
100011111100101	450
100111111100101	662
101111111100101	10
101111011100101	500
111111011000101	126
111101011000101	446
111101010000101	510
111101110000001	602
111101110110001	11
110001110110001	661
110001111110001	437
100001111110001	603
100011111100101	434
101111111100101	634
111111111000101	368
111111011000101	130
111101011000101	609
111101010000101	536
111101110000001	568
111101110110001	11
110001110110001	425
110001111110001	679
100001111110001	597
100011111100101	408
101111111100101	504
111111111000101	613
111111011000101	32
111101011000101	600
111101010000101	572
111101110000001	538
111101110110001	13
110001110110001	692
110001111110001	435
100001111110001	576
100011111100101	433
101111111100101	780
101111011100101	375
111111011000101	231
111101011000101	338
111101010000101	534
111101110000001	608
111101110110001	11
110001110110001	695
110001111110001	410
100001111110001	634
100011111100101	403
101011111100101	730
111011111000101	372
111011011000101	31
111001011000101	570
111001010000101	542
111001110000001	598
111001110110001	11
110001110110001	389
110001111110001	735
100001111110001	561
100011111101011	429
101111111101011	1038
101110111101011	73
111110111001011	316
111100111001011	328
111100110001011	534
111101110000011	538
111101110110011	10
111001110110011	392
110001110110011	10
110001111110010	729
100001111110010	559
100011111100111	414
101111111100111	731
111111111000111	371
111111011000111	43
111101011000111	608
111101001000111	530
111101101000011	574
111101101110011	10
110001101110011	390
110001111110001	750
100001111110001	568
100011111100101	435
101111111100101	1041
101111011100101	107
111111011000101	267
111101011000101	307
111101010000101	539
111101110000001	599
111101110110001	10
110001110110001	401
110001111110001	673
100001111110001	632
100011111100101	404
101111111100101	478
111111111000101	605
111111011000101	64
111101011000101	610
111101010000101	534
111101110000001	603
111101110110001	11
110001110110001	650
110001111110001	437
100001111110001	612
100011111100101	434
101011111100101	1056
101011011100101	100
111011011000101	274
111001011000101	300
111001010000101	517
111001110000001	631
111001110110001	10
110001110110001	388
110001111110001	672
100001111110001	641
100011111101011	406
100111111101011	428
101111111101011	12
111111111001011	631
111110111001011	31
111100111001011	615
111100110001011	567
111101110000011	546
111101110110011	10
110001110110011	696
110001111110010	441
100001111110010	570
100011111100111	400
101011111100111	776
111011011000111	365
111001011000111	577
111001001000111	578
111001101000011	572
111001101110011	10
110001101110011	393
110001111110001	712
100001111110001	600
100011111101011	400
101011111101011	1002
101010111101011	101
111010111001011	269
111000111001011	373
111000110001011	539
111001110000011	535
111001110110011	11
110001110110011	387
110001111110010	776
100001111110010	536
100011111101010	442
101011111101010	780
111010111001010	329
111000111001010	611
111000101001010	535
111001101000010	539
111001101110010	10
110001101110010	401
110001111110010	773
100001111110010	544
100011111101010	432
101111111101010	1001
101110111101010	104
111110111001010	231
111100111001010	376
111100101001010	537
111101101000010	570
111101101110010	11
110001101110010	430
110001111110010	734
100001111110010	541
100011111100111	396
101111111100111	535
111111011000111	630
111101011000111	569
111101001000111	573
111101101000011	560
111101101110011	11
110001101110011	659
110001111110001	446
100001111110001	604
100011111100101	400
101111111100101	742
101111011100101	407
111111011000101	231
111101011000101	371
111101010000101	535
111101110000001	612
111101110110001	10
110001110110001	657
110001111110001	403
100001111110001	615
100011111100101	405
101111111100101	501
101111011100101	654
111111011000101	32
111101011000101	535
111101010000101	575
111101110000001	571
111101110110001	11
110001110110001	629
110001111110001	482
100001111110001	562
100011111100101	414
101111111100101	504
111111011000101	633
111101011000101	574
111101010000101	611
111101110000001	571
111101110110001	10
110001110110001	663
110001111110001	443
100001111110001	570
100011111100101	438
101111111100101	776
101111011100101	364
111111011000101	261
111101011000101	298
111101010000101	539
111101110000001	607
111101110110001	11
111001110110001	658
110001110110001	10
110001111110001	439
100001111110001	605
100011111100101	402
101111111100101	504
111111011000101	634
111101011000101	609
111101010000101	547
111101110000001	576
111101110110001	10
110001110110001	663
110001111110001	437
100001111110001	590
100011111100101	409
101111111100101	702
101111011100101	435
111111011000101	159
111101011000101	412
111101010000101	608
111101110000001	574
111101110110001	10
110001110110001	694
110001111110001	399
100001111110001	627
100011111100101	402
101011111100101	832
101011011100101	308
111011011000101	63
111001011000101	507
111001010000101	507
111001110000001	639
111001110110001	11
110001110110001	391
110001111110001	678
100001111110001	635
100011111101011	436
101111111101011	606
101110111101011	514
111110111001011	128
111100111001011	503
111100110001011	495
111101110000011	570
111101110110011	10
110001110110011	668
110001111110010	478
100001111110010	559
100011111100111	410
101111111100111	835
101111011100111	334
111111011000111	64
111101011000111	509
111101001000111	532
111101101000011	611
111101101110011	10
110001101110011	398
110001111110001	713
100001111110001	574
100011111100101	432
101011111100101	938
101011011100101	231
111011011000101	125
111001011000101	439
111001010000101	532
111001110000001	611
111001110110001	10
110001110110001	396
110001111110001	711
100001111110001	586
100011111101011	412
101111111101011	602
101110111101011	510
111110111001011	137
111100111001011	474
111100110001011	539
111101110000011	570
111101110110011	11
110001110110011	657
110001111110010	470
100001111110010	580
100011111100111	435
101111111100111	636
101111011100111	512
111111011000111	105
111101011000111	470
111101001000111	507
111101101000011	607
111101101110011	10
110001101110011	704
110001111110001	400
100001111110001	602
100011111100101	433
100111111100101	397
101111111100101	12
111111111000101	596
111111011000101	168
111101011000101	570
111101010000101	508
111101110000001	612
111101110110001	11
110101110110001	659
110001110110001	42
110001111110001	396
100001111110001	601
100011111100101	435
101111111100101	826
101111011100101	307
111111011000101	328
111101011000101	277
111101010000101	505
111101110000001	606
111101110110001	10
110001110110001	665
110001111110001	442
100001111110001	602
100011111100101	442
101111111100101	361
111111111000101	639
111111011000101	135
111101011000101	571
111101010000101	552
111101110000001	599
111101110110001	10
110001110110001	664
110001111110001	440
100001111110001	618
100011111100101	400
101111111100101	543
111111111000101	598
111111011000101	11
111101011000101	592
111101010000101	534
111101110000001	577
111101110110001	11
110001110110001	688
110001111110001	444
100001111110001	597
100011111100101	410
101111111100101	700
101111011100101	472
111111011000101	168
111101011000101	413
111101010000101	509
111101110000001	600
111101110110001	10
110001110110001	658
110001111110001	450
100001111110001	603
100011111100101	401
101111111100101	507
111111111000101	637
111111011000101	46
111101011000101	566
111101010000101	541
111101110000001	576
111101110110001	11
110001110110001	694
110001111110001	398
100001111110001	608
100011111100101	442
101111111100101	730
101111011100101	404
111111011000101	234
111101011000101	338
111101010000101	550
111101110000001	597
111101110110001	11
110001110110001	649
110001111110001	447
100001111110001	592
100011111100101	406
101111111100101	518
111111011000101	619
111101011000101	598
111101010000101	578
111101110000001	562
111101110110001	11
110001110110001	657
110001111110001	469
100001111110001	569
100011111100101	440
101111111100101	999
101111011100101	168
111111011000101	204
111101011000101	365
111101010000101	512
111101110000001	629
111101110110001	10
110001110110001	428
110001111110001	637
100001111110001	666
100011111100101	405
101111111100101	499
111111111000101	604
111111011000101	43
111101011000101	611
111101010000101	501
111101110000001	605
111101110110001	11
110001110110001	664
110001111110001	406
100001111110001	638
100011111100101	399
101111111100101	540
101111011100101	615
111111011000101	31
111101011000101	569
111101010000101	545
111101110000001	568
111101110110001	11
110101110110001	663
110001110110001	32
110001111110001	442
100001111110001	567
100011111100101	401
101111111100101	337
111111111000101	632
111111011000101	212
111101011000101	565
111101010000101	546
111101110000001	559
111101110110001	10
110001110110001	663
110001111110001	478
100001111110001	565
100011111100101	399
100011011100101	1148
101011011100101	68
111011011000101	332
111001011000101	171
111001010000101	602
111001110000001	542
111001110110001	11
110001110110001	429
110001111110001	709
100001111110001	561
100011111101011	436
101111111101011	574
111111111001011	358
111110111001011	168
111100111001011	642
111100110001011	502
111101110000011	567
111101110110011	11
110001110110011	427
110001111110010	702
100001111110010	568
100011111100111	439
101111111100111	642
101111011100111	504
111111011000111	138
111101011000111	467
111101001000111	515
111101101000011	598
111101101110011	10
110001101110011	661
110001111110001	444
100001111110001	573
100011111100101	409
101111111100101	831
101111011100101	308
111111011000101	64
111101011000101	510
111101010000101	611
111101110000001	532
111101110110001	10
110001110110001	430
110001111110001	716
100001111110001	566
100011111100101	402
101111111100101	945
101111011100101	201
111111011000101	168
111101011000101	433
111101010000101	548
111101110000001	566
111101110110001	11
110001110110001	421
110001111110001	680
100001111110001	608
100011111100101	407
101111111100101	564
101111011100101	576
111111011000101	64
111101011000101	535
111101010000101	550
111101110000001	563
111101110110001	11
110001110110001	654
110001111110001	477
100001111110001	579
100011111100101	400
101111111100101	505
111111111000101	597
111111011000101	36
111101011000101	603
111101010000101	541
111101110000001	603
111101110110001	11
110001110110001	689
110001111110001	415
100001111110001	595
100011111100101	434
101111111100101	1012
101111011100101	139
111111011000101	265
111101011000101	309
111101010000101	510
111101110000001	637
111101110110001	10
110001110110001	398
110001111110001	669
100001111110001	611
100011111100101	442
100111111100101	464
101111111100101	11
111111111000101	602
111111011000101	74
111101011000101	602
111101010000101	506
111101110000001	607
111101110110001	11
110001110110001	656
110001111110001	419
100001111110001	631
100011111100101	403
101111111100101	473
111111111000101	628
111111011000101	74
111101011000101	561
111101010000101	549
111101110000001	607
111101110110001	10
110001110110001	657
110001111110001	432
100001111110001	614
100011111100101	399
101011111100101	810
111011111000101	360
111011011000101	11
111001011000101	570
111001010000101	497
111001110000001	613
111001110110001	10
110001110110001	426
110001111110001	679
100001111110001	606
100011111101011	406
101111111101011	974
101110111101011	104
111110111001011	273
111100111001011	365
111100110001011	575
111101110000011	501
111101110110011	11
110001110110011	422
110001111110010	767
100001111110010	505
100011111100111	437
101111111100111	537
111111011000111	615
111101011000111	573
111101001000111	536
111101101000011	604
111101101110011	10
110101101110011	653
110001101110011	31
110001111110001	441
100001111110001	602
100011111100101	371
101111111100101	972
101111011100101	170
111111011000101	168
111101011000101	407
111101010000101	565
111101110000001	582
111101110110001	10
110001110110001	456
110001111110001	670
100001111110001	574
100011111100101	446
101111111100101	534
101111011100101	613
111111011000101	31
111101011000101	533
111101010000101	542
111101110000001	610
111101110110001	11
110001110110001	660
110001111110001	409
100001111110001	632
100011111100101	411
101111111100101	670
101111011100101	474
111111011000101	171
111101011000101	400
111101010000101	576
111101110000001	540
111101110110001	10
110001110110001	660
110001111110001	503
100001111110001	539
100011111100101	402
101111111100101	784
111111111000101	326
111111011000101	41
111101011000101	608
111101010000101	534
111101110000001	578
111101110110001	11
110001110110001	424
110001111110001	706
100001111110001	571
100011111100101	407
101111111100101	771
101111011100101	404
111111011000101	233
111101011000101	342
111101010000101	541
111101110000001	574
111101110110001	11
110001110110001	655
110001111110001	440
100001111110001	596
100011111100101	434
101111111100101	370
111111111000101	637
111111011000101	168
111101011000101	562
111101010000101	550
111101110000001	590
111101110110001	11
110001110110001	653
110001111110001	404
100001111110001	633
100011111100101	409
101111111100101	731
101111011100101	408
111111011000101	208
111101011000101	413
111101010000101	530
111101110000001	599
111101110110001	10
110001110110001	653
110001111110001	408
100001111110001	643
100011111100101	434
101111111100101	773
111111011000101	375
111101011000101	608
111101010000101	496
111101110000001	642
111101110110001	11
110001110110001	454
110001111110001	577
100001111110001	703
100011111100101	401
101011111100101	979
101011011100101	169
111011011000101	200
111001011000101	372
111001010000101	512
111001110000001	640
111001110110001	10
110001110110001	359
110001111110001	711
100001111110001	631
100011111101011	409
101111111101011	775
101110111101011	339
111110111001011	31
111100111001011	579
111100110001011	538
111101110000011	569
111101110110011	11
110001110110011	428
110001111110010	675
100001111110010	605
100011111100111	405
101111111100111	442
111111111000111	633
111111011000111	94
111101011000111	566
111101001000111	540
111101101000011	606
111101101110011	10
110001101110011	669
110001111110001	432
100001111110001	612
100011111100101	438
101011111100101	977
101011011100101	169
111011011000101	201
111001011000101	412
111001010000101	470
111001110000001	635
111001110110001	11
110001110110001	399
110001111110001	677
100001111110001	601
100011111101011	437
100111111101011	773
101111111101011	10
101110111101011	338
111110111001011	32
111100111001011	572
111100110001011	574
111101110000011	542
111101110110011	11
110001110110011	424
110001111110010	699
100001111110010	573
100011111100111	433
101011111100111	638
111011111000111	369
111011011000111	137
111001011000111	604
111001001000111	508
111001101000011	614
111001101110011	10
110001101110011	389
110001111110001	710
100001111110001	594
100011111101011	444
101111111101011	829
101110111101011	264
111110111001011	375
111100111001011	266
111100110001011	526
111101110000011	541
111101110110011	11
110001110110011	700
110001111110010	436
100001111110010	607
100011111100111	407
101111111100111	634
111111111000111	371
111111011000111	139
111101011000111	596
111101001000111	505
111101101000011	610
111101101110011	11
110001101110011	426
110001111110001	667
100001111110001	606
100011111100101	401
101111111100101	468
111111111000101	611
111111011000101	64
111101011000101	574
111101010000101	572
111101110000001	577
111101110110001	10
110001110110001	685
110001111110001	473
100001111110001	571
100011111100101	399
101111111100101	810
111111011000101	367
111101011000101	579
111101010000101	535
111101110000001	573
111101110110001	11
110001110110001	386
110001111110001	714
100001111110001	574
100011111100101	434
101111111100101	696
101111011100101	459
111111011000101	170
111101011000101	402
111101010000101	571
111101110000001	559
111101110110001	11
110001110110001	663
110001111110001	437
100001111110001	600
100011111100101	411
101111111100101	569
101111011100101	599
111111011000101	31
111101011000101	518
111101010000101	575
111101110000001	565
111101110110001	11
110001110110001	660
110001111110001	441
100001111110001	578
100011111100101	438
101011111100101	944
101011011100101	202
111011011000101	169
111001011000101	402
111001010000101	539
111001110000001	604
111001110110001	11
110001110110001	396
110001111110001	709
100001111110001	603
100011111101011	403
101011111101011	845
101010111101011	266
111010111001011	95
111000111001011	541
111000110001011	535
111001110000011	539
111001110110011	11
110001110110011	397
110001111110010	738
100001111110010	568
100011111101010	431
101011111101010	564
111011111001010	380
111010111001010	161
111000111001010	611
111000101001010	534
111001101000010	581
111001101110010	11
110001101110010	412
110001111110010	743
100001111110010	572
100011111101010	388
100010111101010	1116
101010111101010	95
111010111001010	342
111000111001010	199
111000101001010	505
111001101000010	577
111001101110010	11
110001101110010	422
110001111110010	701
100001111110010	605
100011111101010	424
101111111101010	543
111111111001010	408
111110111001010	172
111100111001010	601
111100101001010	537
111101101000010	533
111101101110010	11
110001101110010	397
110001111110010	743
100001111110010	540
100011111100111	428
101111111100111	508
111111011000111	630
111101011000111	605
111101001000111	577
111101101000011	528
111101101110011	11
110001101110011	670
110001111110001	506
100001111110001	529
100011111100101	404
101111111100101	780
101111011100101	397
111111011000101	241
111101011000101	334
111101010000101	536
111101110000001	600
111101110110001	12
110001110110001	666
110001111110001	440
100001111110001	597
100011111100101	400
101111111100101	510
111111011000101	630
111101011000101	599
111101010000101	555
111101110000001	564
111101110110001	10
110001110110001	665
110001111110001	467
100001111110001	572
100011111100101	401
101111111100101	1011
101111011100101	137
111111011000101	242
111101011000101	361
111101010000101	539
111101110000001	569
111101110110001	11
110001110110001	457
110001111110001	674
100001111110001	601
100011111100101	435
101111111100101	495
111111111000101	611
111111011000101	31
111101011000101	588
111101010000101	506
111101110000001	644
111101110110001	10
110001110110001	694
110001111110001	375
100001111110001	668
100011111100101	407
101111111100101	701
101111011100101	444
111111011000101	193
111101011000101	369
111101010000101	546
111101110000001	601
111101110110001	10
110001110110001	686
110001111110001	366
100001111110001	644
100011111100101	430
101111111100101	509
111111111000101	635
111111011000101	30
111101011000101	568
111101010000101	536
111101110000001	600
111101110110001	10
110001110110001	694
110001111110001	403
100001111110001	600
100011111100101	404
101111111100101	781
101111011100101	372
111111011000101	231
111101011000101	338
111101010000101	565
111101110000001	563
111101110110001	11
110001110110001	700
110001111110001	438
100001111110001	564
100011111100101	406
101111111100101	366
111111111000101	646
111111011000101	139
111101011000101	598
111101010000101	569
111101110000001	568
111101110110001	11
110001110110001	666
110001111110001	433
100001111110001	561
100011111100101	410
101011111100101	940
101011011100101	202
111011011000101	169
111001011000101	424
111001010000101	570
111001110000001	537
111001110110001	10
110001110110001	425
110001111110001	705
100001111110001	587
100011111101011	408
101011111101011	888
101010111101011	237
111010111001011	136
111000111001011	500
111000110001011	535
111001110000011	525
111001110110011	11
110001110110011	394
110001111110010	763
100001111110010	544
100011111101010	400
101111111101010	845
101110111101010	271
111110111001010	63
111100111001010	551
111100101001010	561
111101101000010	538
111101101110010	10
110001101110010	461
110001111110010	699
100001111110010	581
100011111100111	393
100111111100111	943
101111111100111	10
101111011100111	198
111111011000111	169
111101011000111	440
111101001000111	495
111101101000011	613
111101101110011	11
110001101110011	382
110001111110001	707
100001111110001	613
100011111100101	401
101111111100101	581
111111111000101	365
111111011000101	211
111101011000101	601
111101010000101	543
111101110000001	561
111101110110001	12
110001110110001	427
110001111110001	681
100001111110001	603
100011111100101	401
101111111100101	944
101111011100101	212
111111011000101	436
111101011000101	162
111101010000101	541
111101110000001	572
111101110110001	11
110001110110001	669
110001111110001	437
100001111110001	612
100011111100101	430
101111111100101	307
111111111000101	603
111111011000101	210
111101011000101	608
111101010000101	500
111101110000001	606
111101110110001	11
110001110110001	692
110001111110001	408
100001111110001	639
100011111100101	439
101111111100101	602
111111111000101	366
111111011000101	176
111101011000101	567
111101010000101	515
111101110000001	631
111101110110001	10
111001110110001	414
110001110110001	10
110001111110001	637
100001111110001	625
100011111100101	433
101111111100101	1104
101111011100101	68
111111011000101	300
111101011000101	263
111101010000101	535
111101110000001	613
111101110110001	10
110001110110001	420
110001111110001	668
100001111110001	601
100011111100101	433
101011111100101	647
111011111000101	374
111011011000101	161
111001011000101	572
111001010000101	499
111001110000001	613
111001110110001	11
110001110110001	394
110001111110001	682
100001111110001	626
100011111101011	438
101111111101011	508
101110111101011	600
111110111001011	33
111100111001011	601
111100110001011	504
111101110000011	567
111101110110011	12
110001110110011	655
110001111110010	497
100001111110010	539
100011111100111	437
101011111100111	937
101011011100111	211
111011011000111	193
111001011000111	405
111001001000111	505
111001101000011	608
111001101110011	10
110001101110011	395
110001111110001	741
100001111110001	571
100011111101011	400
101111111101011	814
101110111101011	311
111110111001011	57
111100111001011	537
111100110001011	581
111101110000011	531
111101110110011	11
110001110110011	413
110001111110010	743
100001111110010	527
100011111100111	401
101111111100111	704
101111011100111	442
111111011000111	167
111101011000111	431
111101001000111	571
111101101000011	566
111101101110011	10
110001101110011	698
110001111110001	438
100001111110001	564
100011111100101	415
101111111100101	604
101111011100101	538
111111011000101	63
111101011000101	540
111101010000101	538
111101110000001	567
111101110110001	11
110001110110001	695
110001111110001	430
100001111110001	615
100011111100101	397
101111111100101	912
101111011100101	237
111111011000101	126
111101011000101	477
111101010000101	506
111101110000001	606
111101110110001	11
110001110110001	421
110001111110001	680
100001111110001	604
100011111100101	400
101111111100101	575
101111011100101	571
111111011000101	96
111101011000101	511
111101010000101	572
111101110000001	529
111101110110001	10
110001110110001	660
110001111110001	472
100001111110001	551
100011111100101	437
101011111100101	907
101011011100101	240
111011011000101	136
111001011000101	439
111001010000101	566
111001110000001	612
111001110110001	10
110001110110001	425
110001111110001	631
100001111110001	664
100011111101011	411
101111111101011	471
111110111001011	640
111100111001011	612
111100110001011	504
111101110000011	607
111101110110011	11
110001110110011	662
110001111110010	410
100001111110010	631
100011111100111	413
101011111100111	1030
101011011100111	137
111011011000111	236
111001011000111	347
111001001000111	505
111001101000011	605
111001101110011	10
110001101110011	382
110001111110001	735
100001111110001	577
100011111101011	398
101111111101011	502
101110111101011	599
111110111001011	31
111100111001011	614
111100110001011	568
111101110000011	493
111101110110011	10
110001110110011	666
110001111110010	539
100001111110010	498
100011111100111	403
101111111100111	780
101111011100111	368
111111011000111	263
111101011000111	338
111101001000111	542
111101101000011	607
111101101110011	10
110001101110011	666
110001111110001	468
100001111110001	553
100011111100101	410
101111111100101	767
111111011000101	366
111101011000101	591
111101010000101	538
111101110000001	609
111101110110001	16
111001110110001	407
110001110110001	13
110001111110001	673
100001111110001	602
100011111100101	403
101011111100101	1047
101011011100101	105
111011011000101	270
111001011000101	338
111001010000101	505
111001110000001	601
111001110110001	11
110001110110001	391
110001111110001	699
100001111110001	591
100011111101011	437
101111111101011	774
111110111001011	339
111100111001011	605
111100110001011	573
111101110000011	539
111101110110011	11
110001110110011	391
110001111110010	744
100001111110010	543
100011111100111	398
101011111100111	668
111011111000111	360
111011011000111	105
111001011000111	605
111001001000111	570
111001101000011	566
111001101110011	10
110001101110011	381
110001111110001	781
100001111110001	536
100011111101011	411
101011111101011	876
101010111101011	227
111010111001011	141
111000111001011	468
111000110001011	574
111001110000011	540
111001110110011	11
110001110110011	392
110001111110010	748
100001111110010	569
100011111101010	406
101111111101010	904
101110111101010	201
111110111001010	170
111100111001010	475
111100101001010	506
111101101000010	569
111101101110010	10
110001101110010	424
110001111110010	743
100001111110010	540
100011111100111	432
101111111100111	584
111111111000111	336
111111011000111	201
111101011000111	612
111101001000111	502
111101101000011	638
111101101110011	11
110001101110011	426
110001111110001	671
100001111110001	646
100011111100101	399
100011011100101	1135
101111011100101	72
111111011000101	369
111101011000101	168
111101010000101	476
111101110000001	639
111101110110001	10
110001110110001	382
110001111110001	670
100001111110001	633
100011111100101	443
101111111100101	527
111111111000101	377
111111011000101	232
111101011000101	568
111101010000101	571
111101110000001	581
111101110110001	10
110001110110001	413
110001111110001	679
100001111110001	602
100011111100101	440
101011111100101	745
111011111000101	363
111011011000101	41
111001011000101	612
111001010000101	504
111001110000001	607
111001110110001	11
110001110110001	378
110001111110001	698
100001111110001	602
100011111101011	402
101111111101011	876
101110111101011	247
111110111001011	135
111100111001011	464
111100110001011	610
111101110000011	466
111101110110011	10
110001110110011	434
110001111110010	773
100001111110010	509
100011111100111	444
101111111100111	631
101111011100111	507
111111011000111	104
111101011000111	468
111101001000111	543
111101101000011	607
111101101110011	11
111001101110011	692
110001101110011	11
110001111110001	402
100001111110001	606
100011111100101	398
101111111100101	336
111111111000101	648
111111011000101	161
111101011000101	611
111101010000101	523
111101110000001	606
111101110110001	10
110001110110001	691
110001111110001	403
100001111110001	607
100011111100101	445
100111111100101	870
101111111100101	10
101111011100101	298
111111011000101	358
111101011000101	203
111101010000101	472
111101110000001	648
111101110110001	15
111001110110001	641
110001110110001	11
110001111110001	396
100001111110001	628
100011111100101	414
101111111100101	358
111111111000101	609
111111011000101	175
111101011000101	564
111101010000101	611
111101110000001	531
111101110110001	11
110001110110001	694
110001111110001	465
100001111110001	548
100011111100101	441
101111111100101	1105
101111011100101	33
111111011000101	305
111101011000101	296
111101010000101	500
111101110000001	609
111101110110001	12
110001110110001	422
110001111110001	668
100001111110001	610
100011111100101	404
101111111100101	405
111111111000101	638
111111011000101	106
111101011000101	610
111101010000101	542
111101110000001	594
111101110110001	10
110001110110001	668
110001111110001	437
100001111110001	606
100011111100101	403
101011111100101	743
111011111000101	360
111011011000101	32
111001011000101	579
111001010000101	537
111001110000001	603
111001110110001	10
110001110110001	395
110001111110001	706
100001111110001	602
100011111101011	404
101011111101011	731
111011111001011	337
111010111001011	32
111000111001011	648
111000110001011	539
111001110000011	536
111001110110011	10
110001110110011	424
110001111110010	740
100001111110010	556
100011111101010	413
101011111101010	774
101010111101010	336
111010111001010	32
111000111001010	597
111000101001010	507
111001101000010	579
111001101110010	10
110001101110010	389
110001111110010	743
100001111110010	569
100011111101010	374
101111111101010	1013
101110111101010	96
111110111001010	263
111100111001010	385
111100101001010	590
111101101000010	504
111101101110010	11
110001101110010	466
110001111110010	706
100001111110010	572
100011111100111	407
101111111100111	772
111111111000111	370
111111011000111	12
111101011000111	598
111101001000111	474
111101101000011	639
111101101110011	10
111001101110011	424
110001101110011	11
110001111110001	631
100001111110001	645
100011111100101	399
101011111100101	998
101011011100101	138
111011011000101	200
111001011000101	406
111001010000101	533
111001110000001	607
111001110110001	11
110001110110001	424
110001111110001	680
100001111110001	601
100011111101011	447
101111111101011	463
111111111001011	607
111110111001011	32
111100111001011	632
111100110001011	505
111101110000011	599
111101110110011	10
110001110110011	687
110001111110010	398
100001111110010	612
100011111100111	432
101111111100111	781
101111011100111	339
111111011000111	295
111101011000111	306
111101001000111	508
111101101000011	603
111101101110011	10
110001101110011	660
110001111110001	485
100001111110001	569
100011111100101	401
101011111100101	697
111011111000101	401
111011011000101	74
111001011000101	565
111001010000101	565
111001110000001	546
111001110110001	11
110001110110001	386
110001111110001	769
100001111110001	535
100011111101011	431
101011111101011	1075
101010111101011	42
111010111001011	294
111000111001011	338
111000110001011	534
111001110000011	530
111001110110011	11
110001110110011	421
110001111110010	748
100001111110010	538
100011111101010	405
101011111101010	738
111011111001010	362
111010111001010	31
111000111001010	640
111000101001010	540
111001101000010	536
111001101110010	11
110001101110010	415
110001111110010	739
100001111110010	536
100011111101010	442
101111111101010	357
111111111001010	624
111110111001010	106
111100111001010	647
111100101001010	517
111101101000010	567
111101101110010	10
110001101110010	671
110001111110010	439
100001111110010	610
100011111100111	402
101011111100111	704
111011111000111	370
111011011000111	96
111001011000111	569
111001001000111	540
111001101000011	571
111001101110011	11
110001101110011	418
110001111110001	717
100001111110001	569
100011111101011	400
101010111101011	1102
111010111001011	365
111000111001011	277
111000110001011	564
111001110000011	502
111001110110011	11
110001110110011	391
110001111110010	790
100001111110010	561
100011111101010	399
101111111101010	395
111111111001010	640
111110111001010	64
111100111001010	610
111100101001010	572
111101101000010	527
111101101110010	11
110001101110010	661
110001111110010	495
100001111110010	529
100011111100111	446
101111111100111	603
101111011100111	542
111111011000111	95
111101011000111	502
111101001000111	540
111101101000011	579
111101101110011	10
110001101110011	660
110001111110001	472
100001111110001	602
100011111100101	410
101011111100101	884
101011011100101	264
111011011000101	96
111001011000101	508
111001010000101	510
111001110000001	607
111001110110001	11
110001110110001	429
110001111110001	641
100001111110001	641
100011111101011	436
101111111101011	600
101110111101011	505
111110111001011	143
111100111001011	466
111100110001011	537
111101110000011	566
111101110110011	13
110001110110011	658
110001111110010	470
100001111110010	559
100011111100111	406
101011111100111	668
111011111000111	369
111011011000111	130
111001011000111	605
111001001000111	530
111001101000011	613
111001101110011	10
110001101110011	387
110001111110001	698
100001111110001	611
100011111101011	399
100010111101011	1114
101010111101011	31
111010111001011	373
111000111001011	199
111000110001011	550
111001110000011	583
111001110110011	10
110001110110011	394
110001111110010	709
100001111110010	615
100011111101010	397
101011111101010	672
111011111001010	364
111010111001010	64
111000111001010	635
111000101001010	533
111001101000010	542
111001101110010	11
110001101110010	394
110001111110010	746
100001111110010	568
100011111101010	409
101111111101010	806
101110111101010	307
111110111001010	328
111100111001010	267
111100101001010	610
111101101000010	493
111101101110010	11
110001101110010	697
110001111110010	503
100001111110010	498
100011111100111	396
101111111100111	412
111111111000111	639
111111011000111	94
111101011000111	567
111101001000111	571
111101101000011	577
111101101110011	11
110001101110011	652
110001111110001	509
100001111110001	546
100011111100101	430
101111111100101	1110
101111011100101	43
111111011000101	331
111101011000101	268
111101010000101	511
111101110000001	626
111101110110001	11
110001110110001	418
110001111110001	611
100001111110001	665
100011111100101	412
101011111100101	659
111011111000101	373
111011011000101	95
111001011000101	604
111001010000101	538
111001110000001	564
111001110110001	10
110001110110001	425
110001111110001	714
100001111110001	571
100011111101011	433
100010111101011	1115
101110111101011	49
111110111001011	330
111100111001011	233
111100110001011	543
111101110000011	561
111101110110011	11
110001110110011	425
110001111110010	713
100001111110010	576
100011111100111	398
101011111100111	637
111011111000111	368
111011011000111	171
111001011000111	565
111001001000111	540
111001101000011	607
111001101110011	11
110001101110011	412
110001111110001	677
100001111110001	632
100011111101011	389
100010111101011	1118
101110111101011	32
111110111001011	371
111100111001011	234
111100110001011	523
111101110000011	572
111101110110011	10
110001110110011	418
110001111110010	676
100001111110010	599
100011111100111	400
101111111100111	379
111111111000111	633
111111011000111	136
111101011000111	609
111101001000111	505
111101101000011	603
111101101110011	10
110001101110011	667
110001111110001	428
100001111110001	607
100011111100101	408
101111111100101	876
101111011100101	274
111111011000101	367
111101011000101	202
111101010000101	582
111101110000001	551
111101110110001	11
110001110110001	662
110001111110001	471
100001111110001	566
100011111100101	440
101011111100101	633
111011111000101	339
111011011000101	169
111001011000101	574
111001010000101	549
111001110000001	597
111001110110001	11
110001110110001	399
110001111110001	705
100001111110001	605
100011111101011	403
101111111101011	872
101110111101011	233
111110111001011	440
111100111001011	200
111100110001011	543
111101110000011	530
111101110110011	10
110001110110011	632
110001111110010	536
100001111110010	501
100011111100111	437
100111111100111	622
101111111100111	11
111111111000111	358
111111011000111	169
111101011000111	575
111101001000111	563
111101101000011	572
111101101110011	11
110001101110011	417
110001111110001	708
100001111110001	574
100011111100101	442
101111111100101	367
111111111000101	608
111111011000101	200
111101011000101	562
111101010000101	533
111101110000001	574
111101110110001	10
110001110110001	731
110001111110001	381
100001111110001	643
100011111100101	400
101111011100101	1143
111111011000101	372
111101011000101	229
111101010000101	514
111101110000001	601
111101110110001	11
110001110110001	423
110001111110001	676
100001111110001	607
100011111100101	406
101111111100101	374
111111111000101	604
111111011000101	162
111101011000101	611
111101010000101	539
111101110000001	575
111101110110001	11
110001110110001	693
110001111110001	409
100001111110001	635
100011111100101	399
101111111100101	646
101111011100101	511
111111011000101	96
111101011000101	474
111101010000101	544
111101110000001	564
111101110110001	11
110001110110001	696
110001111110001	397
100001111110001	637
100011111100101	399
100111111100101	606
101111111100101	10
101111011100101	531
111111011000101	98
111101011000101	479
111101010000101	540
111101110000001	578
111101110110001	11
110001110110001	690
110001111110001	441
100001111110001	569
100011111100101	412
101111111100101	635
101111011100101	506
111111011000101	139
111101011000101	434
111101010000101	581
111101110000001	574
111101110110001	10
110001110110001	686
110001111110001	438
100001111110001	571
100011111100101	438
101111111100101	601
101111011100101	536
111111011000101	94
111101011000101	475
111101010000101	541
111101110000001	607
111101110110001	10
110001110110001	666
110001111110001	432
100001111110001	604
100011111100101	405
101111111100101	345
111111111000101	600
111111011000101	201
111101011000101	574
111101010000101	584
111101110000001	569
111101110110001	11
110001110110001	691
110001111110001	443
100001111110001	596
100011111100101	405
101011111100101	1065
101011011100101	73
111011011000101	268
111001011000101	308
111001010000101	547
111001110000001	600
111001110110001	10
110001110110001	422
110001111110001	648
100001111110001	635
100011111101011	405
101111111101011	471
111111111001011	635
111110111001011	12
111100111001011	629
111100110001011	508
111101110000011	561
111101110110011	10
110001110110011	665
110001111110010	472
100001111110010	538
100011111100111	434
101111111100111	797
101111011100111	378
111111011000111	267
111101011000111	297
111101001000111	548
111101101000011	608
111101101110011	10
110001101110011	655
110001111110001	441
100001111110001	579
100011111100101	416
101111111100101	775
111111111000101	330
111111011000101	73
111101011000101	539
111101010000101	573
111101110000001	567
111101110110001	12
110001110110001	423
110001111110001	683
100001111110001	564
100011111100101	447
101111111100101	1069
101111011100101	75
111111011000101	293
111101011000101	305
111101010000101	540
111101110000001	571
111101110110001	11
110001110110001	429
110001111110001	694
100001111110001	561
100011111100101	437
101111111100101	446
111111111000101	638
111111011000101	74
111101011000101	595
111101010000101	542
111101110000001	571
111101110110001	11
110001110110001	650
110001111110001	475
100001111110001	571
100011111100101	404
101111111100101	841
101111011100101	307
111111011000101	303
111101011000101	301
111101010000101	537
111101110000001	572
111101110110001	10
110001110110001	664
110001111110001	442
100001111110001	609
100011111100101	412
101111111100101	731
111111111000101	369
111111011000101	34
111101011000101	569
111101010000101	574
111101110000001	575
111101110110001	10
110001110110001	400
110001111110001	707
100001111110001	572
100011111100101	446
101011111100101	1010
101011011100101	170
111011011000101	199
111001011000101	370
111001010000101	539
111001110000001	572
111001110110001	12
110001110110001	390
110001111110001	709
100001111110001	600
100011111101011	402
101111111101011	504
101110111101011	600
111110111001011	40
111100111001011	568
111100110001011	607
111101110000011	506
111101110110011	11
110001110110011	685
110001111110010	470
100001111110010	538
100011111100111	428
101111111100111	950
101111011100111	198
111111011000111	166
111101011000111	434
111101001000111	537
111101101000011	600
111101101110011	10
110001101110011	422
110001111110001	645
100001111110001	644
100011111100101	397
101111111100101	827
101111011100101	346
111111011000101	33
111101011000101	509
111101010000101	575
111101110000001	567
111101110110001	11
110001110110001	436
110001111110001	671
100001111110001	578
100011111100101	433
100111111100101	698
101111111100101	10
101111011100101	431
111111011000101	201
111101011000101	402
111101010000101	540
111101110000001	569
111101110110001	10
110001110110001	667
110001111110001	467
100001111110001	546
100011111100101	400
101011111100101	851
101011011100101	306
111011011000101	31
111001011000101	532
111001010000101	610
111001110000001	536
111001110110001	11
110001110110001	416
110001111110001	719
100001111110001	602
100011111101011	429
100111111101011	932
101111111101011	10
101110111101011	167
111110111001011	196
111100111001011	439
111100110001011	479
111101110000011	599
111101110110011	10
110001110110011	437
110001111110010	642
100001111110010	666
100011111100111	408
101111111100111	778
111111011000111	335
111101011000111	607
111101001000111	514
111101101000011	631
111101101110011	10
110001101110011	413
110001111110001	674
100001111110001	596
100011111100101	434
101111111100101	744
101111011100101	405
111111011000101	202
111101011000101	401
111101010000101	506
111101110000001	591
111101110110001	10
110001110110001	688
110001111110001	441
100001111110001	569
100011111100101	430
101111111100101	508
111111111000101	600
111111011000101	44
111101011000101	601
111101010000101	542
111101110000001	580
111101110110001	10
110001110110001	681
110001111110001	408
100001111110001	644
100011111100101	395
101111111100101	602
101111011100101	543
111111011000101	105
111101011000101	467
111101010000101	542
111101110000001	593
111101110110001	10
110001110110001	692
110001111110001	406
100001111110001	597
100011111100101	434
101111111100101	607
101111011100101	540
111111011000101	96
111101011000101	473
111101010000101	573
111101110000001	607
111101110110001	10
110001110110001	667
110001111110001	408
100001111110001	641
100011111100101	434
101011111100101	711
111011111000101	332
111011011000101	98
111001011000101	606
111001010000101	468
111001110000001	633
111001110110001	10
110001110110001	391
110001111110001	678
100001111110001	641
100011111101011	425
101111111101011	770
101110111101011	347
111110111001011	293
111100111001011	328
111100110001011	509
111101110000011	603
111101110110011	11
110001110110011	688
110001111110010	427
100001111110010	607
100011111100111	401
101011111100111	713
111011111000111	373
111011011000111	63
111001011000111	603
111001001000111	503
111001101000011	631
111001101110011	11
110001101110011	392
110001111110001	703
100001111110001	600
100011111101011	441
101011111101011	844
101010111101011	277
111010111001011	96
111000111001011	509
111000110001011	506
111001110000011	575
111001110110011	10
110001110110011	384
110001111110010	739
100001111110010	574
100011111101010	392
101111111101010	676
101110111101010	439
111110111001010	202
111100111001010	441
111100101001010	537
111101101000010	546
111101101110010	11
110001101110010	667
110001111110010	502
100001111110010	510
100011111100111	431
101011111100111	841
101011011100111	312
111011011000111	62
111001011000111	501
111001001000111	572
111001101000011	578
111001101110011	11
110001101110011	395
110001111110001	739
100001111110001	600
100011111101011	404
101111111101011	673
101110111101011	440
111110111001011	170
111100111001011	468
111100110001011	510
111101110000011	569
111101110110011	11
110001110110011	692
110001111110010	438
100001111110010	571
100011111100111	440
101011111100111	807
101011011100111	345
111011011000111	31
111001011000111	536
111001001000111	534
111001101000011	601
111001101110011	10
110001101110011	390
110001111110001	709
100001111110001	606
100011111101011	445
101111111101011	631
101110111101011	471
111110111001011	171
111100111001011	466
111100110001011	505
111101110000011	577
111101110110011	10
110001110110011	686
110001111110010	447
100001111110010	565
100011111100111	446
101011111100111	812
101011011100111	338
111011011000111	32
111001011000111	536
111001001000111	536
111001101000011	603
111001101110011	11
110001101110011	397
110001111110001	712
100001111110001	607
100011111101011	398
101111111101011	502
111110111001011	613
111100111001011	607
111100110001011	580
111101110000011	528
111101110110011	10
110001110110011	692
110001111110010	443
100001111110010	572
100011111100111	438
101111111100111	1006
101111011100111	169
111111011000111	200
111101011000111	377
111101001000111	497
111101101000011	631
111101101110011	11
110001101110011	451
110001111110001	614
100001111110001	674
100011111100101	396
101011111100101	737
111011111000101	373
111011011000101	76
111001011000101	573
111001010000101	499
111001110000001	616
111001110110001	11
110001110110001	394
110001111110001	709
100001111110001	595
100011111101011	404
101111111101011	1016
101110111101011	65
111110111001011	339
111100111001011	305
111100110001011	544
111101110000011	570
111101110110011	11
110001110110011	393
110001111110010	748
100001111110010	532
100011111100111	411
101111111100111	498
111111111000111	643
111111011000111	33
111101011000111	574
111101001000111	538
111101101000011	582
111101101110011	11
110001101110011	692
110001111110001	435
100001111110001	599
100011111100101	403
101111111100101	835
101111011100101	309
111111011000101	32
111101011000101	567
111101010000101	515
111101110000001	610
111101110110001	11
110001110110001	421
110001111110001	644
100001111110001	637
100011111100101	442
101011111100101	638
101111111100101	32
101111011100101	471
111111011000101	169
111101011000101	430
111101010000101	511
111101110000001	609
111101110110001	10
110001110110001	651
110001111110001	400
100001111110001	647
100011111100101	396
101111111100101	806
101111011100101	347
111111011000101	32
111101011000101	538
111101010000101	569
111101110000001	566
111101110110001	11
110101110110001	420
110001110110001	32
110001111110001	683
100001111110001	593
100011111100101	405
101111111100101	948
101111011100101	208
111111011000101	191
111101011000101	370
111101010000101	571
111101110000001	572
111101110110001	10
110001110110001	394
110001111110001	710
100001111110001	567
100011111100101	444
101111111100101	533
111111011000101	610
111101011000101	598
111101010000101	578
111101110000001	543
111101110110001	11
110001110110001	688
110001111110001	436
100001111110001	594
100011111100101	405
101011111100101	1013
101011011100101	138
111011011000101	232
111001011000101	364
111001010000101	532
111001110000001	602
111001110110001	12
110001110110001	399
110001111110001	704
100001111110001	596
100011111101011	411
101011111101011	767
111010111001011	338
111000111001011	642
111000110001011	509
111001110000011	564
111001110110011	10
110001110110011	426
110001111110010	736
100001111110010	533
100011111101010	447
101111111101010	736
101110111101010	371
111110111001010	265
111100111001010	372
111100101001010	526
111101101000010	546
111101101110010	11
110001101110010	683
110001111110010	472
100001111110010	548
100011111100111	430
101011111100111	749
111011111000111	338
111011011000111	65
111001011000111	574
111001001000111	542
111001101000011	597
111001101110011	11
110001101110011	398
110001111110001	707
100001111110001	598
100011111101011	400
101111111101011	639
111111111001011	337
111110111001011	136
111100111001011	610
111100110001011	573
111101110000011	538
111101110110011	11
110001110110011	459
110001111110010	680
100001111110010	557
100011111100111	410
101011111100111	1013
101011011100111	168
111011011000111	202
111001011000111	368
111001001000111	526
111001101000011	580
111001101110011	10
110001101110011	398
110001111110001	732
100001111110001	545
100011111101011	424
101111111101011	536
101110111101011	569
111110111001011	65
111100111001011	535
111100110001011	581
111101110000011	535
111101110110011	11
110001110110011	662
110001111110010	506
100001111110010	535
100011111100111	401
101111111100111	736
101111011100111	408
111111011000111	228
111101011000111	376
111101001000111	539
111101101000011	573
111101101110011	10
110001101110011	689
110001111110001	438
100001111110001	575
100011111100101	439
101111111100101	683
111111111000101	364
111111011000101	95
111101011000101	612
111101010000101	500
111101110000001	590
111101110110001	11
110001110110001	427
110001111110001	652
100001111110001	637
100011111100101	396
101111111100101	812
101111011100101	339
111111011000101	32
111101011000101	529
111101010000101	611
111101110000001	536
111101110110001	10
110001110110001	421
110001111110001	707
100001111110001	537
100011111100101	439
101111111100101	979
101111011100101	159
111111011000101	199
111101011000101	408
111101010000101	547
111101110000001	565
111101110110001	11
110001110110001	399
110001111110001	706
100001111110001	608
100011111100101	424
101111111100101	527
101111011100101	610
111111011000101	32
111101011000101	564
111101010000101	535
111101110000001	573
111101110110001	10
110001110110001	664
110001111110001	467
100001111110001	572
100011111100101	438
101111111100101	706
101111011100101	432
111111011000101	193
111101011000101	404
111101010000101	539
111101110000001	606
111101110110001	10
110001110110001	653
110001111110001	434
100001111110001	600
100011111100101	406
101011111100101	775
111011111000101	337
111011011000101	42
111001011000101	567
111001010000101	580
111001110000001	568
111001110110001	11
110001110110001	422
110001111110001	671
100001111110001	606
100011111101011	435
101111111101011	574
101110111101011	504
111110111001011	136
111100111001011	511
111100110001011	538
111101110000011	540
111101110110011	10
110001110110011	704
110001111110010	440
100001111110010	566
100011111100111	443
101011111100111	592
111011111000111	369
111011011000111	177
111001011000111	600
111001001000111	503
111001101000011	616
111001101110011	10
110001101110011	420
110001111110001	661
100001111110001	607
100011111101011	440
101111111101011	293
111111111001011	615
111110111001011	200
111100111001011	628
111100110001011	536
111101110000011	561
111101110110011	10
110001110110011	709
110001111110010	400
100001111110010	635
100011111100111	402
101111111100111	937
101111011100111	209
111111011000111	423
111101011000111	178
111101001000111	506
111101101000011	597
111101101110011	10
110001101110011	697
110001111110001	401
100001111110001	607
100011111100101	441
101011111100101	536
111011111000101	364
111011011000101	244
111001011000101	595
111001010000101	543
111001110000001	580
111001110110001	10
110001110110001	396
110001111110001	706
100001111110001	596
100011111101011	405
100010111101011	1110
101110111101011	105
111110111001011	401
111100111001011	128
111100110001011	571
111101110000011	503
111101110110011	10
110001110110011	393
110001111110010	774
100001111110010	502
100011111100111	434
101011111100111	533
111011111000111	397
111011011000111	210
111001011000111	601
111001001000111	574
111001101000011	540
111001101110011	11
110001101110011	389
110001111110001	773
100001111110001	535
100011111101011	404
101111111101011	404
111111111001011	603
111110111001011	105
111100111001011	599
111100110001011	605
111101110000011	495
111101110110011	11
110001110110011	696
110001111110010	476
100001111110010	536
100011111100111	406
101111111100111	397
111111111000111	639
111111011000111	96
111101011000111	597
111101001000111	573
111101101000011	573
111101101110011	11
110001101110011	696
110001111110001	471
100001111110001	536
100011111100101	409
101011111100101	1135
101011011100101	32
111011011000101	335
111001011000101	237
111001010000101	530
111001110000001	606
111001110110001	11
110001110110001	389
110001111110001	704
110101111110001	395
100101111110001	236
100111111100101	401
100011111100101	63
101011111100101	272
111011111000101	635
111011011000101	203
111001011000101	567
111001010000101	510
111001110000001	634
111001110110001	11
110001110110001	667
110001111110001	400
100001111110001	639
100011111101011	431
101011111101011	573
101010111101011	538
111010111001011	95
111000111001011	512
111000110001011	508
111001110000011	571
111001110110011	11
110001110110011	688
110001111110010	445
100001111110010	541
100011111101010	435
101011111101010	908
101010111101010	212
111010111001010	162
111000111001010	438
111000101001010	573
111001101000010	534
111001101110010	10
110001101110010	432
110001111110010	741
100001111110010	540
100011111101010	435
101011111101010	875
101010111101010	233
111010111001010	138
111000111001010	467
111000101001010	542
111001101000010	560
111001101110010	12
110001101110010	392
110001111110010	736
100001111110010	565
100011111101010	412
101011111101010	903
101010111101010	200
111010111001010	135
111000111001010	510
111000101001010	538
111001101000010	543
111001101110010	10
110001101110010	431
